
SYMMETRICAL COMPONENT VOLTAGES BY BUS (for 3-phase buses)

Bus        Mag:   V1 (kV)    p.u.     V2 (kV)   %V2/V1    V0 (kV)    %V0/V1

sourcebus      2.45       1.02  1.197E-009  4.887E-008 1.594E-010 6.505E-009
load_611      2.449       1.02  1.197E-009  4.887E-008 1.593E-010 6.505E-009
load_634      2.449       1.02  1.197E-009  4.887E-008 1.593E-010 6.505E-009
load_645      2.449       1.02  1.197E-009  4.887E-008 1.593E-010 6.505E-009
load_646      2.449       1.02  1.197E-009  4.887E-008 1.593E-010 6.505E-009
load_652      2.449       1.02  1.197E-009  4.887E-008 1.593E-010 6.505E-009
load_671      2.449       1.02  1.197E-009  4.887E-008 1.593E-010 6.505E-009
load_675      2.449       1.02  1.197E-009  4.887E-008 1.593E-010 6.505E-009
load_692      2.449       1.02  1.197E-009  4.887E-008 1.593E-010 6.505E-009
bus_611       2.449       1.02  1.197E-009  4.887E-008 1.593E-010 6.505E-009
bus_634       2.449       1.02  1.197E-009  4.887E-008 1.593E-010 6.505E-009
bus_645       2.449       1.02  1.197E-009  4.887E-008 1.593E-010 6.505E-009
bus_646       2.449       1.02  1.197E-009  4.887E-008 1.593E-010 6.505E-009
bus_652       2.449       1.02  1.197E-009  4.887E-008 1.593E-010 6.505E-009
bus_671       2.449       1.02  1.197E-009  4.887E-008 1.593E-010 6.505E-009
bus_675       2.449       1.02  1.197E-009  4.887E-008 1.593E-010 6.505E-009
bus_692       2.449       1.02  1.197E-009  4.887E-008 1.593E-010 6.505E-009
bus_632       2.449       1.02  1.197E-009  4.887E-008 1.593E-010 6.505E-009
bus_633       2.449       1.02  1.197E-009  4.887E-008 1.593E-010 6.505E-009
bus_650        2.45       1.02  1.197E-009  4.887E-008 1.594E-010 6.505E-009
bus_680       2.449       1.02  1.197E-009  4.887E-008 1.593E-010 6.505E-009
bus_684       2.449       1.02  1.197E-009  4.887E-008 1.593E-010 6.505E-009
