
SYMMETRICAL COMPONENT VOLTAGES BY BUS (for 3-phase buses)

Bus        Mag:   V1 (kV)    p.u.     V2 (kV)   %V2/V1    V0 (kV)    %V0/V1

busbar 01     7.309          1  3.572E-009  4.887E-008 4.755E-010 6.505E-009
busbar 02     7.289     0.9972  3.562E-009  4.887E-008 4.742E-010 6.505E-009
busbar 03     7.213     0.9868  3.525E-009  4.887E-008 4.696E-010 6.51E-009
busbar 04     7.184     0.9828  3.51E-009  4.887E-008 4.677E-010 6.51E-009
busbar 05     7.156      0.979  3.497E-009  4.887E-008 4.658E-010 6.51E-009
busbar 06     7.149     0.9781  3.494E-009  4.887E-008 4.654E-010 6.51E-009
busbar 07     7.141     0.9769  3.49E-009  4.887E-008 4.648E-010 6.51E-009
busbar 08     7.115     0.9734  3.477E-009  4.887E-008 4.631E-010 6.508E-009
busbar 09     7.092     0.9702  3.466E-009  4.887E-008 4.616E-010 6.508E-009
busbar 10     7.088     0.9697  3.464E-009  4.887E-008 4.613E-010 6.508E-009
busbar 11     7.088     0.9697  3.464E-009  4.887E-008 4.613E-010 6.508E-009
busbar 12     7.088     0.9698  3.464E-009  4.887E-008 4.613E-010 6.508E-009
busbar 13     7.066     0.9667  3.453E-009  4.887E-008 4.599E-010 6.508E-009
busbar 14     7.058     0.9657  3.449E-009  4.887E-008 4.594E-010 6.508E-009
busbar 15     7.056     0.9654  3.448E-009  4.887E-008 4.593E-010 6.508E-009
busbar 16     7.045     0.9638  3.443E-009  4.887E-008 4.585E-010 6.509E-009
busbar 17     7.021     0.9606  3.431E-009  4.887E-008 4.57E-010 6.509E-009
busbar 18     7.014     0.9597  3.428E-009  4.887E-008 4.566E-010 6.509E-009
busbar 19     7.278     0.9957  3.557E-009  4.887E-008 4.734E-010 6.505E-009
busbar 20     7.186     0.9831  3.512E-009  4.887E-008 4.675E-010 6.507E-009
busbar 21      7.16     0.9796  3.499E-009  4.887E-008 4.659E-010 6.507E-009
busbar 22     7.136     0.9763  3.487E-009  4.887E-008 4.644E-010 6.507E-009
busbar 23     7.179     0.9821  3.508E-009  4.887E-008 4.674E-010 6.51E-009
busbar 24     7.113     0.9731  3.476E-009  4.887E-008 4.63E-010 6.51E-009
busbar 25      7.07     0.9672  3.455E-009  4.887E-008 4.602E-010 6.51E-009
busbar 26     7.141      0.977  3.49E-009  4.887E-008 4.649E-010 6.51E-009
busbar 27      7.13     0.9755  3.484E-009  4.887E-008 4.642E-010 6.51E-009
busbar 28     7.087     0.9696  3.463E-009  4.887E-008 4.614E-010 6.51E-009
busbar 29     7.057     0.9655  3.449E-009  4.887E-008 4.594E-010 6.51E-009
busbar 30     7.035     0.9625  3.438E-009  4.887E-008 4.58E-010 6.51E-009
busbar 31     7.014     0.9596  3.428E-009  4.887E-008 4.566E-010 6.51E-009
busbar 32      7.01     0.9591  3.426E-009  4.887E-008 4.563E-010 6.509E-009
busbar 33     7.011     0.9593  3.426E-009  4.887E-008 4.564E-010 6.509E-009
