
SYMMETRICAL COMPONENT VOLTAGES BY BUS (for 3-phase buses)

Bus         Mag:   V1 (kV)    p.u.     V2 (kV)   %V2/V1    V0 (kV)    %V0/V1

sourcebus      39.84          1  1.947E-008  4.887E-008 2.591E-009 6.505E-009
solar 01       14.37     0.9995  7.461E-009  5.193E-008 3.409E-011 2.373E-010
solar 02        14.4      1.001  7.474E-009  5.192E-008 3.395E-011 2.358E-010
dl_82034       14.39      1.001  7.469E-009  5.192E-008 3.347E-011 2.327E-010
dload_806m     14.37     0.9994  7.439E-009  5.178E-008 1.433E-011 9.975E-011
dload_822      14.37     0.9993  7.46E-009  5.193E-008 3.416E-011 2.378E-010
dload_822m     14.37     0.9995  7.461E-009  5.193E-008 3.409E-011 2.373E-010
dload_824       14.4      1.002  7.476E-009  5.192E-008 3.387E-011 2.353E-010
dload_826       14.4      1.001  7.474E-009  5.192E-008 3.395E-011 2.358E-010
dload_826m      14.4      1.001  7.474E-009  5.192E-008 3.395E-011 2.358E-010
bus_820m       14.39      1.001  7.469E-009  5.192E-008 3.347E-011 2.327E-010
bus_822        14.37     0.9993  7.46E-009  5.193E-008 3.416E-011 2.378E-010
bus_822m       14.37     0.9995  7.461E-009  5.193E-008 3.409E-011 2.373E-010
bus_806m       14.37     0.9994  7.439E-009  5.178E-008 1.433E-011 9.975E-011
bus_824m        14.4      1.002  7.476E-009  5.192E-008 3.387E-011 2.353E-010
bus_826m        14.4      1.001  7.474E-009  5.192E-008 3.395E-011 2.358E-010
bus_826         14.4      1.001  7.474E-009  5.192E-008 3.395E-011 2.358E-010
bus_800        14.37     0.9997  7.441E-009  5.177E-008 1.365E-011  9.5E-011
bus_802        14.37     0.9994  7.439E-009  5.178E-008 1.416E-011 9.855E-011
bus_806        14.37     0.9993  7.438E-009  5.178E-008 1.441E-011 1.003E-010
bus_808        14.33     0.9966  7.424E-009  5.182E-008 1.834E-011 1.28E-010
bus_812        14.28     0.9931  7.405E-009  5.187E-008 2.47E-011 1.73E-010
bus_814        14.23       0.99  7.388E-009  5.191E-008 3.037E-011 2.134E-010
bus_816         14.4      1.002  7.477E-009  5.191E-008 3.299E-011 2.291E-010
bus_818         14.4      1.002  7.476E-009  5.191E-008 3.302E-011 2.293E-010
bus_820        14.37     0.9997  7.463E-009  5.193E-008 3.395E-011 2.362E-010
bus_824         14.4      1.001  7.474E-009  5.192E-008 3.394E-011 2.358E-010
bus_850         14.4      1.002  7.477E-009  5.191E-008 3.292E-011 2.286E-010
